0.015,0.000,0.000
0.030,0.000,0.625
0.045,0.001,1.688
0.060,0.001,2.000
0.075,0.002,2.563
0.090,0.003,2.750
0.105,0.003,2.938
0.120,0.004,2.938
0.135,0.005,2.750
0.150,0.005,2.250
0.165,0.006,1.750
0.180,0.006,1.500
0.195,0.007,1.313
0.210,0.007,1.125
0.225,0.007,0.875
0.240,0.007,0.563
0.255,0.007,0.313
0.270,0.007,0.063
0.285,0.007,359.813
0.300,0.007,359.500
0.315,0.007,359.375
0.330,0.007,359.250
0.345,0.007,359.188
0.360,0.006,359.188
0.375,0.006,359.125
0.390,0.006,359.125
0.405,0.006,359.188
0.420,0.005,359.250
0.435,0.005,359.375
0.450,0.005,359.688
0.465,0.005,0.000
0.480,0.005,0.500
0.495,0.006,1.438
0.510,0.006,1.813
0.525,0.007,2.250
0.540,0.008,3.125
0.555,0.009,3.438
0.570,0.010,4.125
0.585,0.011,4.813
0.600,0.012,5.500
0.615,0.014,6.063
0.629,0.016,6.750
0.644,0.018,7.438
0.659,0.020,8.688
0.674,0.022,9.938
0.689,0.025,10.563
0.703,0.028,11.063
0.718,0.031,12.000
0.733,0.034,12.500
0.747,0.038,12.938
0.762,0.041,13.563
0.776,0.045,13.938
0.791,0.049,14.688
0.805,0.053,15.063
0.820,0.057,15.688
0.834,0.061,16.125
0.849,0.065,16.625
0.863,0.070,16.875
0.877,0.074,17.125
0.892,0.078,17.250
0.906,0.083,17.500
0.920,0.088,17.938
0.934,0.092,18.563
0.949,0.097,18.750
0.963,0.102,18.063
0.977,0.106,17.250
0.992,0.110,16.625
1.006,0.115,16.813
1.020,0.119,16.938
1.035,0.124,17.375
1.049,0.128,18.125
1.063,0.133,18.875
1.077,0.139,20.875
1.091,0.144,22.250
1.105,0.150,23.688
1.118,0.157,25.063
1.132,0.163,26.313
1.145,0.170,27.938
1.158,0.178,29.375
1.171,0.185,30.625
1.184,0.193,31.875
1.196,0.202,34.625
1.208,0.211,36.063
1.220,0.220,37.313
1.232,0.229,38.625
1.243,0.239,39.813
1.255,0.248,41.063
1.266,0.259,42.188
1.277,0.269,43.500
1.287,0.279,44.875
1.298,0.290,46.063
1.308,0.301,47.875
1.318,0.313,48.563
1.328,0.324,49.125
1.337,0.335,49.750
1.347,0.347,50.313
1.356,0.359,50.750
1.366,0.370,51.188
1.375,0.382,51.750
1.384,0.394,53.063
1.393,0.406,53.875
1.401,0.418,55.438
1.410,0.431,55.813
1.418,0.443,55.563
1.427,0.456,55.563
1.435,0.468,57.375
1.443,0.481,58.313
1.450,0.494,59.188
1.458,0.507,60.375
1.465,0.520,60.813
1.472,0.533,62.688
1.479,0.547,62.750
1.486,0.560,63.000
1.492,0.573,63.375
1.499,0.587,64.375
1.505,0.601,65.813
1.511,0.615,67.188
1.516,0.628,68.063
1.522,0.642,68.875
1.527,0.657,70.250
1.532,0.671,71.625
1.536,0.685,74.250
1.539,0.700,76.938
1.542,0.715,78.125
1.545,0.729,79.000
1.547,0.744,81.563
1.549,0.759,82.500
1.551,0.774,83.250
1.553,0.789,83.688
1.554,0.804,84.813
1.555,0.819,85.875
1.556,0.834,87.000
1.556,0.849,89.500
1.556,0.864,90.875
1.555,0.879,92.063
1.554,0.894,94.250
1.553,0.909,94.875
1.551,0.923,95.188
1.550,0.938,95.250
1.549,0.953,95.313
1.547,0.968,95.250
1.546,0.983,95.375
1.544,0.998,95.625
1.543,1.013,95.813
1.541,1.028,96.188
1.540,1.043,96.563
1.538,1.058,96.750
1.536,1.073,96.813
1.534,1.088,96.750
1.533,1.102,96.750
1.531,1.117,96.875
1.529,1.132,97.563
1.527,1.147,98.000
1.524,1.162,99.750
1.521,1.177,100.813
1.518,1.191,102.938
1.514,1.206,104.125
1.510,1.220,105.125
1.506,1.235,107.563
1.501,1.249,108.750
1.496,1.263,110.063
1.490,1.277,111.313
1.485,1.291,112.625
1.479,1.304,113.938
1.472,1.318,115.313
1.465,1.331,116.688
1.458,1.345,117.938
1.451,1.358,119.375
1.443,1.371,120.813
1.435,1.383,122.313
1.427,1.396,123.500
1.419,1.408,124.625
1.410,1.420,125.438
1.401,1.432,127.750
1.391,1.444,129.750
1.381,1.455,131.000
1.371,1.466,132.250
1.361,1.477,133.625
1.350,1.488,135.063
1.339,1.498,136.375
1.328,1.508,139.000
1.316,1.517,140.250
1.305,1.526,143.000
1.292,1.535,144.250
1.280,1.544,145.125
1.268,1.552,145.750
1.255,1.560,146.938
1.242,1.568,147.250
1.230,1.576,148.125
1.217,1.584,149.125
1.204,1.591,151.813
1.190,1.598,153.188
1.177,1.604,154.063
1.163,1.611,155.125
1.149,1.617,156.125
1.136,1.623,156.750
1.122,1.629,157.313
1.108,1.634,157.938
1.094,1.640,159.188
1.080,1.645,159.750
1.066,1.650,160.375
1.051,1.655,160.938
1.037,1.659,162.313
1.023,1.663,165.188
1.008,1.666,167.625
0.993,1.669,169.063
0.979,1.672,170.125
0.964,1.674,171.063
0.949,1.676,171.688
0.934,1.678,172.313
0.919,1.680,172.875
0.904,1.682,173.313
0.889,1.683,173.875
0.874,1.685,174.188
0.859,1.686,174.625
0.845,1.688,174.813
0.830,1.689,175.000
0.815,1.690,175.063
0.800,1.692,175.125
0.785,1.693,175.375
0.770,1.694,175.688
0.755,1.695,175.938
0.740,1.696,176.125
0.725,1.697,176.563
0.710,1.698,176.688
0.695,1.699,176.813
0.680,1.699,176.938
0.665,1.700,177.125
0.650,1.701,177.375
0.635,1.701,177.688
0.620,1.702,177.938
0.605,1.702,178.188
0.590,1.703,178.688
0.575,1.703,178.938
0.560,1.703,179.500
0.545,1.703,179.625
0.530,1.703,179.938
0.515,1.703,180.063
0.500,1.703,180.188
0.485,1.703,180.313
0.470,1.703,180.625
0.455,1.703,180.750
0.440,1.703,180.875
0.425,1.702,181.250
0.410,1.702,181.438
0.395,1.701,181.500
0.380,1.701,181.563
0.365,1.701,181.500
0.350,1.700,181.500
0.335,1.700,181.500
0.320,1.699,181.438
0.305,1.699,181.438
0.290,1.699,181.375
0.275,1.698,181.375
0.260,1.698,181.375
0.245,1.698,181.375
0.230,1.697,181.375
0.215,1.697,181.375
0.200,1.697,181.313
0.185,1.696,181.063
0.170,1.696,180.938
0.155,1.696,180.875
0.140,1.696,180.813
0.125,1.695,181.438
0.110,1.694,183.000
0.095,1.693,183.750
0.080,1.692,183.938
0.065,1.691,184.000
0.050,1.690,184.063
0.035,1.689,184.125
0.020,1.688,184.063
0.005,1.687,184.000
-0.010,1.686,183.938
-0.025,1.685,183.938
-0.040,1.684,183.938
-0.054,1.683,184.000
-0.069,1.682,184.063
-0.084,1.681,184.188
-0.099,1.680,184.250
-0.114,1.679,184.313
-0.129,1.677,184.625
-0.144,1.676,185.500
-0.159,1.674,186.688
-0.174,1.672,188.000
-0.189,1.669,190.813
-0.203,1.666,192.250
-0.218,1.663,193.438
-0.232,1.659,195.875
-0.247,1.654,196.875
-0.261,1.650,197.813
-0.275,1.645,199.500
-0.289,1.639,200.125
-0.303,1.634,201.313
-0.317,1.629,200.938
-0.331,1.623,200.188
-0.345,1.619,198.875
-0.360,1.614,198.188
-0.374,1.609,197.563
-0.388,1.605,197.188
-0.403,1.601,197.250
-0.417,1.596,197.375
-0.431,1.591,198.000
-0.445,1.587,199.125
-0.459,1.581,200.625
-0.473,1.576,202.000
-0.487,1.569,204.750
-0.500,1.562,207.250
-0.513,1.555,209.875
-0.526,1.547,211.188
-0.539,1.539,212.438
-0.551,1.531,215.000
-0.563,1.522,216.250
-0.575,1.513,217.500
-0.587,1.503,218.563
-0.599,1.494,218.438
-0.610,1.485,218.063
-0.622,1.476,217.438
-0.634,1.466,217.563
-0.646,1.457,218.688
-0.657,1.447,219.875
-0.668,1.437,222.688
-0.679,1.427,224.250
-0.690,1.416,225.563
-0.700,1.405,226.813
-0.710,1.394,228.063
-0.720,1.383,229.375
-0.729,1.371,230.500
-0.739,1.359,231.625
-0.748,1.347,232.813
-0.756,1.335,234.750
-0.765,1.323,235.875
-0.773,1.310,237.000
-0.781,1.297,239.125
-0.788,1.284,240.875
-0.795,1.271,241.813
-0.802,1.257,242.875
-0.808,1.244,243.688
-0.815,1.231,244.125
-0.821,1.217,244.750
-0.828,1.203,245.125
-0.834,1.190,245.938
-0.840,1.176,247.125
-0.845,1.162,248.563
-0.850,1.148,251.250
-0.855,1.133,252.438
-0.859,1.119,254.250
-0.862,1.104,254.938
-0.866,1.090,255.500
-0.870,1.075,256.000
-0.873,1.061,256.563
-0.877,1.046,256.938
-0.880,1.032,257.313
-0.883,1.017,258.375
-0.886,1.002,258.813
-0.889,0.987,259.313
-0.891,0.973,260.063
-0.894,0.958,260.250
-0.896,0.943,260.438
-0.899,0.928,260.625
-0.901,0.913,260.750
-0.904,0.899,260.875
-0.906,0.884,261.063
-0.908,0.869,261.188
-0.910,0.854,261.500
-0.912,0.839,262.375
-0.914,0.824,263.438
-0.915,0.809,265.688
-0.916,0.794,266.813
-0.917,0.779,267.063
-0.917,0.764,268.000
-0.918,0.749,268.750
-0.918,0.734,269.375
-0.918,0.719,269.938
-0.918,0.704,270.438
-0.918,0.689,271.000
-0.917,0.674,271.750
-0.916,0.660,273.313
-0.915,0.645,275.188
-0.913,0.630,276.063
-0.911,0.615,277.063
-0.909,0.600,278.000
-0.907,0.585,280.063
-0.904,0.570,280.625
-0.901,0.556,281.375
-0.898,0.541,282.063
-0.895,0.526,282.875
-0.891,0.512,283.750
-0.887,0.497,284.563
-0.883,0.483,285.625
-0.879,0.469,286.875
-0.874,0.454,288.875
-0.869,0.440,289.750
-0.864,0.426,290.625
-0.858,0.412,293.063
-0.852,0.399,294.250
-0.845,0.385,294.938
-0.839,0.372,295.688
-0.832,0.358,296.625
-0.825,0.345,297.563
-0.818,0.332,298.625
-0.810,0.319,299.813
-0.803,0.306,300.750
-0.795,0.293,301.875
-0.787,0.280,302.938
-0.778,0.268,304.063
-0.769,0.256,306.063
-0.760,0.244,306.938
-0.751,0.232,308.563
-0.741,0.221,309.688
-0.732,0.209,311.000
-0.722,0.198,312.188
-0.711,0.187,312.688
-0.701,0.176,313.125
-0.691,0.165,313.688
-0.680,0.155,314.875
-0.669,0.145,317.625
-0.658,0.135,319.125
-0.646,0.126,321.625
-0.634,0.116,322.938
-0.622,0.108,324.375
-0.610,0.099,324.375
-0.597,0.090,324.875
-0.585,0.082,326.438
-0.572,0.074,327.313
-0.560,0.066,328.063
-0.547,0.058,328.750
-0.534,0.051,330.188
-0.521,0.044,331.250
-0.507,0.037,331.750
-0.494,0.030,332.375
-0.481,0.023,333.688
-0.467,0.016,334.313
-0.454,0.010,334.938
-0.440,0.004,336.375
-0.426,-0.002,337.500
-0.412,-0.007,338.625
-0.398,-0.012,339.625
-0.384,-0.017,340.563
-0.369,-0.022,341.813
-0.355,-0.026,343.000
-0.341,-0.031,343.938
-0.326,-0.034,345.063
-0.312,-0.038,347.625
-0.297,-0.040,349.188
-0.282,-0.043,350.375
-0.267,-0.045,351.688
-0.252,-0.047,352.813
-0.237,-0.049,354.250
-0.222,-0.050,355.688
-0.207,-0.050,357.000
-0.192,-0.051,358.250
-0.177,-0.051,359.750
-0.162,-0.051,1.063
-0.147,-0.050,2.438
-0.133,-0.049,3.563
-0.118,-0.048,4.625
-0.103,-0.046,6.125
-0.088,-0.045,6.500
-0.073,-0.043,6.625
-0.058,-0.041,6.688
-0.043,-0.040,6.250
-0.028,-0.038,5.500
-0.013,-0.037,4.063
0.002,-0.036,3.313
0.017,-0.036,2.500
0.032,-0.035,1.688
0.047,-0.035,0.938
0.062,-0.035,0.188
0.077,-0.035,359.188
0.092,-0.035,358.938
0.107,-0.036,358.750
0.122,-0.036,358.500
0.137,-0.036,358.375
0.152,-0.037,358.313
0.167,-0.037,358.250
0.182,-0.038,358.250
0.197,-0.038,358.375
0.212,-0.039,358.563
0.227,-0.039,358.750
0.242,-0.039,359.188
0.257,-0.039,359.438
0.272,-0.039,359.625
0.287,-0.039,359.875
0.302,-0.039,0.063
0.317,-0.039,0.563
0.332,-0.039,0.813
0.347,-0.039,1.000
