0.015,-0.000,359.996
0.030,0.000,0.621
0.045,0.001,1.683
0.060,0.001,1.995
0.075,0.002,2.557
0.090,0.003,2.744
0.105,0.003,2.929
0.120,0.004,2.928
0.135,0.005,2.740
0.150,0.005,2.241
0.165,0.006,1.742
0.180,0.006,1.491
0.195,0.007,1.305
0.210,0.007,1.117
0.225,0.007,0.867
0.240,0.007,0.555
0.255,0.007,0.305
0.270,0.007,0.056
0.285,0.007,359.806
0.300,0.007,359.493
0.315,0.007,359.368
0.330,0.007,359.243
0.345,0.007,359.182
0.360,0.006,359.182
0.375,0.006,359.121
0.390,0.006,359.120
0.405,0.006,359.183
0.420,0.005,359.245
0.435,0.005,359.371
0.450,0.005,359.686
0.465,0.005,359.997
0.480,0.005,0.498
0.495,0.006,1.436
0.510,0.006,1.811
0.525,0.007,2.248
0.540,0.008,3.127
0.555,0.008,3.439
0.570,0.010,4.124
0.585,0.011,4.812
0.600,0.012,5.499
0.615,0.014,6.063
0.629,0.016,6.748
0.644,0.018,7.436
0.659,0.020,8.687
0.674,0.022,9.936
0.689,0.025,10.560
0.703,0.028,11.059
0.718,0.031,11.998
0.733,0.034,12.497
0.747,0.038,12.934
0.762,0.041,13.559
0.776,0.045,13.934
0.791,0.049,14.683
0.805,0.053,15.058
0.820,0.057,15.682
0.834,0.061,16.121
0.849,0.065,16.620
0.863,0.069,16.869
0.877,0.074,17.119
0.892,0.078,17.244
0.906,0.083,17.500
0.920,0.087,17.922
0.934,0.092,18.547
0.949,0.097,18.735
0.963,0.102,18.076
0.977,0.106,17.264
0.992,0.110,16.611
1.006,0.115,16.810
1.020,0.119,16.942
1.035,0.124,17.378
1.049,0.128,18.128
1.063,0.133,18.890
1.077,0.138,20.890
1.091,0.144,22.265
1.105,0.150,23.703
1.118,0.157,25.078
1.132,0.163,26.328
1.145,0.170,27.953
1.158,0.178,29.390
1.171,0.185,30.640
1.184,0.193,31.889
1.196,0.202,34.639
1.208,0.211,36.077
1.220,0.220,37.321
1.232,0.229,38.638
1.243,0.239,39.825
1.255,0.248,41.075
1.266,0.259,42.200
1.277,0.269,43.512
1.287,0.279,44.880
1.298,0.290,46.070
1.308,0.301,47.880
1.318,0.313,48.567
1.328,0.324,49.127
1.337,0.335,49.752
1.347,0.347,50.316
1.356,0.359,50.755
1.366,0.370,51.193
1.375,0.382,51.756
1.384,0.394,53.071
1.393,0.406,53.875
1.401,0.418,55.430
1.410,0.431,55.822
1.418,0.443,55.572
1.427,0.456,55.572
1.435,0.468,57.385
1.443,0.481,58.314
1.450,0.494,59.189
1.458,0.507,60.387
1.465,0.520,60.809
1.472,0.533,62.683
1.479,0.547,62.753
1.486,0.560,63.015
1.492,0.573,63.390
1.499,0.587,64.381
1.505,0.601,65.818
1.511,0.615,67.203
1.516,0.628,68.078
1.522,0.642,68.890
1.527,0.657,70.265
1.532,0.671,71.640
1.536,0.685,74.261
1.539,0.700,76.947
1.542,0.715,78.135
1.545,0.729,79.015
1.547,0.744,81.566
1.549,0.759,82.503
1.551,0.774,83.252
1.553,0.789,83.702
1.554,0.804,84.827
1.555,0.819,85.888
1.556,0.834,87.013
1.556,0.849,89.515
1.556,0.864,90.880
1.555,0.879,92.066
1.554,0.894,94.250
1.553,0.909,94.873
1.551,0.923,95.185
1.550,0.938,95.247
1.549,0.953,95.318
1.547,0.968,95.253
1.546,0.983,95.373
1.544,0.998,95.622
1.543,1.013,95.815
1.541,1.028,96.184
1.540,1.043,96.559
1.538,1.058,96.747
1.536,1.073,96.809
1.534,1.088,96.747
1.532,1.102,96.754
1.531,1.117,96.879
1.529,1.132,97.572
1.527,1.147,98.009
1.524,1.162,99.759
1.521,1.177,100.822
1.518,1.191,102.947
1.514,1.206,104.135
1.510,1.220,105.140
1.506,1.235,107.578
1.501,1.249,108.765
1.496,1.263,110.078
1.490,1.277,111.328
1.485,1.291,112.640
1.478,1.304,113.953
1.472,1.318,115.328
1.465,1.331,116.703
1.458,1.345,117.953
1.451,1.358,119.390
1.443,1.371,120.815
1.435,1.383,122.314
1.427,1.396,123.502
1.418,1.408,124.638
1.410,1.420,125.444
1.401,1.432,127.761
1.391,1.444,129.765
1.381,1.455,131.015
1.371,1.466,132.265
1.361,1.477,133.640
1.350,1.488,135.078
1.339,1.498,136.390
1.328,1.508,139.015
1.316,1.517,140.265
1.304,1.526,143.007
1.292,1.535,144.252
1.280,1.544,145.128
1.267,1.552,145.751
1.255,1.560,146.939
1.242,1.568,147.254
1.230,1.576,148.140
1.217,1.584,149.133
1.203,1.591,151.820
1.190,1.598,153.199
1.177,1.604,154.066
1.163,1.611,155.121
1.149,1.617,156.132
1.135,1.623,156.756
1.122,1.629,157.317
1.108,1.634,157.942
1.094,1.639,159.192
1.080,1.645,159.752
1.065,1.650,160.377
1.051,1.655,160.952
1.037,1.659,162.327
1.022,1.663,165.202
1.008,1.666,167.632
0.993,1.669,169.068
0.978,1.672,170.129
0.964,1.674,171.066
0.949,1.676,171.690
0.934,1.678,172.313
0.919,1.680,172.875
0.904,1.682,173.312
0.889,1.683,173.874
0.874,1.685,174.186
0.859,1.686,174.624
0.844,1.688,174.811
0.829,1.689,174.999
0.814,1.690,175.061
0.799,1.691,175.123
0.785,1.693,175.375
0.770,1.694,175.686
0.755,1.695,175.936
0.740,1.696,176.124
0.725,1.697,176.562
0.710,1.698,176.688
0.695,1.698,176.813
0.680,1.699,176.938
0.665,1.700,177.126
0.650,1.701,177.376
0.635,1.701,177.689
0.620,1.702,177.938
0.605,1.702,178.188
0.590,1.703,178.688
0.575,1.703,178.938
0.560,1.703,179.500
0.545,1.703,179.625
0.530,1.703,179.937
0.515,1.703,180.062
0.500,1.703,180.187
0.485,1.703,180.311
0.470,1.703,180.624
0.455,1.703,180.748
0.440,1.702,180.873
0.425,1.702,181.248
0.410,1.702,181.435
0.395,1.701,181.497
0.380,1.701,181.560
0.365,1.701,181.497
0.350,1.700,181.498
0.335,1.700,181.497
0.320,1.699,181.435
0.305,1.699,181.435
0.290,1.699,181.372
0.275,1.698,181.372
0.260,1.698,181.372
0.245,1.698,181.372
0.230,1.697,181.372
0.215,1.697,181.372
0.200,1.697,181.310
0.185,1.696,181.060
0.170,1.696,180.936
0.155,1.696,180.874
0.140,1.696,180.819
0.125,1.695,181.438
0.110,1.694,183.000
0.095,1.693,183.748
0.080,1.692,183.936
0.065,1.691,183.998
0.050,1.690,184.059
0.035,1.689,184.122
0.020,1.688,184.060
0.005,1.687,183.997
-0.010,1.686,183.935
-0.025,1.685,183.935
-0.040,1.684,183.936
-0.055,1.683,183.999
-0.070,1.682,184.062
-0.085,1.681,184.187
-0.100,1.680,184.252
-0.115,1.679,184.328
-0.129,1.677,184.640
-0.144,1.676,185.515
-0.159,1.674,186.703
-0.174,1.672,188.014
-0.189,1.669,190.826
-0.204,1.666,192.262
-0.218,1.663,193.448
-0.233,1.658,195.884
-0.247,1.654,196.884
-0.261,1.650,197.821
-0.275,1.645,199.503
-0.289,1.639,200.128
-0.303,1.634,201.303
-0.317,1.629,200.931
-0.331,1.623,200.180
-0.346,1.619,198.867
-0.360,1.614,198.185
-0.374,1.609,197.563
-0.389,1.605,197.188
-0.403,1.600,197.265
-0.417,1.596,197.390
-0.431,1.591,198.015
-0.446,1.586,199.140
-0.460,1.581,200.640
-0.474,1.575,202.015
-0.487,1.569,204.765
-0.501,1.562,207.265
-0.514,1.555,209.890
-0.526,1.547,211.201
-0.539,1.539,212.451
-0.551,1.530,215.010
-0.563,1.522,216.254
-0.575,1.512,217.496
-0.587,1.503,218.555
-0.599,1.494,218.433
-0.611,1.485,218.058
-0.622,1.475,217.441
-0.634,1.466,217.571
-0.646,1.457,218.703
-0.658,1.447,219.890
-0.669,1.437,222.703
-0.679,1.427,224.265
-0.690,1.416,225.578
-0.700,1.405,226.826
-0.710,1.394,228.076
-0.720,1.382,229.388
-0.729,1.371,230.513
-0.739,1.359,231.637
-0.748,1.347,232.824
-0.756,1.335,234.760
-0.765,1.322,235.886
-0.773,1.310,237.007
-0.781,1.297,239.135
-0.788,1.284,240.887
-0.795,1.271,241.815
-0.802,1.257,242.876
-0.809,1.244,243.688
-0.815,1.230,244.126
-0.822,1.217,244.761
-0.828,1.203,245.137
-0.834,1.190,245.950
-0.840,1.176,247.136
-0.845,1.162,248.574
-0.850,1.148,251.255
-0.855,1.133,252.441
-0.859,1.119,254.254
-0.863,1.104,254.940
-0.866,1.090,255.502
-0.870,1.075,256.001
-0.873,1.061,256.564
-0.877,1.046,256.938
-0.880,1.031,257.313
-0.883,1.017,258.376
-0.886,1.002,258.812
-0.889,0.987,259.312
-0.891,0.972,260.061
-0.894,0.958,260.249
-0.897,0.943,260.436
-0.899,0.928,260.623
-0.901,0.913,260.751
-0.904,0.898,260.876
-0.906,0.884,261.065
-0.908,0.869,261.195
-0.911,0.854,261.509
-0.913,0.839,262.384
-0.914,0.824,263.447
-0.915,0.809,265.683
-0.916,0.794,266.821
-0.917,0.779,267.069
-0.918,0.764,268.007
-0.918,0.749,268.753
-0.918,0.734,269.381
-0.918,0.719,269.943
-0.918,0.704,270.444
-0.918,0.689,271.007
-0.917,0.674,271.757
-0.916,0.659,273.321
-0.915,0.644,275.197
-0.913,0.629,276.073
-0.912,0.615,277.074
-0.909,0.600,278.004
-0.907,0.585,280.070
-0.904,0.570,280.632
-0.901,0.556,281.383
-0.898,0.541,282.071
-0.895,0.526,282.883
-0.891,0.512,283.760
-0.887,0.497,284.572
-0.883,0.483,285.634
-0.879,0.468,286.884
-0.874,0.454,288.880
-0.869,0.440,289.765
-0.864,0.426,290.640
-0.858,0.412,293.059
-0.852,0.399,294.259
-0.845,0.385,294.947
-0.839,0.371,295.697
-0.832,0.358,296.635
-0.825,0.345,297.572
-0.818,0.332,298.632
-0.810,0.319,299.824
-0.803,0.306,300.762
-0.795,0.293,301.885
-0.787,0.280,302.945
-0.778,0.268,304.070
-0.769,0.256,306.068
-0.760,0.244,306.948
-0.751,0.232,308.576
-0.742,0.221,309.689
-0.732,0.209,311.001
-0.722,0.198,312.186
-0.711,0.187,312.686
-0.701,0.176,313.140
-0.691,0.165,313.703
-0.680,0.155,314.890
-0.669,0.145,317.640
-0.658,0.135,319.140
-0.646,0.125,321.610
-0.634,0.116,322.922
-0.622,0.108,324.377
-0.610,0.099,324.385
-0.597,0.090,324.883
-0.585,0.082,326.438
-0.572,0.074,327.319
-0.560,0.066,328.069
-0.547,0.058,328.753
-0.534,0.051,330.190
-0.521,0.043,331.256
-0.507,0.036,331.756
-0.494,0.029,332.381
-0.481,0.023,333.694
-0.467,0.016,334.319
-0.454,0.010,334.944
-0.440,0.004,336.360
-0.426,-0.002,337.511
-0.412,-0.007,338.635
-0.398,-0.013,339.636
-0.384,-0.017,340.574
-0.369,-0.022,341.820
-0.355,-0.027,343.015
-0.341,-0.031,343.953
-0.326,-0.035,345.078
-0.312,-0.038,347.640
-0.297,-0.041,349.203
-0.282,-0.043,350.390
-0.267,-0.045,351.703
-0.252,-0.047,352.828
-0.237,-0.049,354.265
-0.222,-0.050,355.703
-0.207,-0.051,357.015
-0.192,-0.051,358.265
-0.177,-0.051,359.765
-0.162,-0.051,1.075
-0.148,-0.050,2.445
-0.133,-0.049,3.569
-0.118,-0.048,4.626
-0.103,-0.046,6.123
-0.088,-0.045,6.498
-0.073,-0.043,6.616
-0.058,-0.041,6.678
-0.043,-0.040,6.240
-0.028,-0.038,5.489
-0.013,-0.037,4.052
0.002,-0.036,3.306
0.017,-0.036,2.493
0.032,-0.035,1.681
0.047,-0.035,0.932
0.062,-0.035,0.185
0.077,-0.035,359.185
0.092,-0.035,358.934
0.107,-0.036,358.748
0.122,-0.036,358.499
0.137,-0.036,358.374
0.152,-0.037,358.312
0.167,-0.037,358.251
0.182,-0.038,358.252
0.197,-0.038,358.377
0.212,-0.039,358.565
0.227,-0.039,358.752
0.242,-0.039,359.187
0.257,-0.039,359.437
0.272,-0.039,359.625
0.287,-0.039,359.875
0.302,-0.039,0.062
0.317,-0.039,0.562
0.332,-0.039,0.812
0.347,-0.039,0.999
